1.000000014901161194e-01 1.919282197952270508e+00 1.035050954669713974e-03
2.000000029802322388e-01 7.316313982009887695e-01 2.560214372351765633e-03
3.000000119209289551e-01 -9.894235730171203613e-01 1.827554893679916859e-03
4.000000059604644775e-01 -2.076668024063110352e+00 7.939685601741075516e-04
5.000000000000000000e-01 -2.452380180358886719e+00 4.052548611070960760e-04
6.000000238418579102e-01 -2.556942701339721680e+00 2.219394955318421125e-04
6.999999880790710449e-01 -2.533407926559448242e+00 1.286820479435846210e-04
8.000000119209289551e-01 -2.448537111282348633e+00 7.682116847718134522e-05
8.999999761581420898e-01 -2.333621263504028320e+00 6.106774526415392756e-05
1.000000000000000000e+00 -2.206268548965454102e+00 1.078492368833394721e-05
1.100000023841857910e+00 -2.073821306228637695e+00 6.802313691878225654e-06
1.200000047683715820e+00 -1.941714167594909668e+00 3.836144514934858307e-06
1.299999952316284180e+00 -1.812468647956848145e+00 3.552977432264015079e-06
1.399999976158142090e+00 -1.687359929084777832e+00 1.754408549459185451e-05
1.500000000000000000e+00 -1.567250609397888184e+00 1.268961023015435785e-05
1.600000023841857910e+00 -1.452262282371520996e+00 9.925658559950534254e-06
1.700000047683715820e+00 -1.342449903488159180e+00 7.585039838886586949e-06
1.799999952316284180e+00 -1.237725496292114258e+00 5.648856131301727146e-06
1.899999976158142090e+00 -1.137924909591674805e+00 4.621075277100317180e-06
2.000000000000000000e+00 -1.042849183082580566e+00 3.442104343776009046e-06
2.099999904632568359e+00 -9.522741436958312988e-01 2.544725703046424314e-06
2.200000047683715820e+00 -8.659706711769104004e-01 2.206751787525718100e-06
2.299999952316284180e+00 -7.837159037590026855e-01 1.804521957637916785e-06
2.400000095367431641e+00 -7.052896022796630859e-01 1.587500605637615081e-06
2.500000000000000000e+00 -6.304818987846374512e-01 1.152512822955031879e-06
2.599999904632568359e+00 -5.590900778770446777e-01 8.769050623413932044e-07
2.700000047683715820e+00 -4.909242689609527588e-01 7.613073194079333916e-07
2.799999952316284180e+00 -4.258050322532653809e-01 6.479144190052466001e-07
2.900000095367431641e+00 -3.635614812374114990e-01 5.436559149529784918e-07
3.000000000000000000e+00 -3.040344715118408203e-01 4.463270499854843365e-07
