1.000000014901161194e-01 2.076683998107910156e+00 1.013031695038080215e-03
2.000000029802322388e-01 2.192579507827758789e+00 8.600740693509578705e-04
3.000000119209289551e-01 2.294183492660522461e+00 2.305838279426097870e-04
4.000000059604644775e-01 2.442145824432373047e+00 9.171690180664882064e-05
5.000000000000000000e-01 2.608800411224365234e+00 1.714560494292527437e-04
6.000000238418579102e-01 2.782164812088012695e+00 1.628233731025829911e-04
6.999999880790710449e-01 2.960307359695434570e+00 1.427440147381275892e-04
8.000000119209289551e-01 3.138537883758544922e+00 5.645170676871202886e-05
8.999999761581420898e-01 3.317451715469360352e+00 2.013007542700506747e-05
1.000000000000000000e+00 3.492704153060913086e+00 2.125077298842370510e-05
1.100000023841857910e+00 3.660593271255493164e+00 1.647661883907858282e-05
1.200000047683715820e+00 3.818657875061035156e+00 1.635818443901371211e-05
1.299999952316284180e+00 3.964303731918334961e+00 1.481005710957106203e-05
1.399999976158142090e+00 4.095360279083251953e+00 1.362100647384067997e-05
1.500000000000000000e+00 4.209812164306640625e+00 1.207413879455998540e-05
1.600000023841857910e+00 4.306314468383789062e+00 1.389566932630259544e-05
1.700000047683715820e+00 4.383761405944824219e+00 1.360651822324143723e-05
1.799999952316284180e+00 4.442044258117675781e+00 1.306758713326416910e-05
1.899999976158142090e+00 4.481703281402587891e+00 1.159757357527269050e-05
2.000000000000000000e+00 4.503977775573730469e+00 7.483616172976326197e-06
2.099999904632568359e+00 4.510901451110839844e+00 5.972025974187999964e-06
2.299999952316284180e+00 4.487687587738037109e+00 3.560536924851476215e-06
2.400000095367431641e+00 4.462206363677978516e+00 3.035464942513499409e-06
2.500000000000000000e+00 4.430260658264160156e+00 2.583153218438383192e-06
2.599999904632568359e+00 4.393569946289062500e+00 2.187852942370227538e-06
2.700000047683715820e+00 4.353544712066650391e+00 1.853658886830089614e-06
2.799999952316284180e+00 4.311304092407226562e+00 1.520094770057767164e-06
2.900000095367431641e+00 4.267725944519042969e+00 1.325122070738871116e-06
3.000000000000000000e+00 4.223483085632324219e+00 1.112510403800115455e-06
