1.000000014901161194e-01 1.341407012939453125e+01 3.456616075709462166e-03
2.000000029802322388e-01 1.479692554473876953e+01 2.393505536019802094e-03
3.000000119209289551e-01 1.641752243041992188e+01 1.607537735253572464e-03
4.000000059604644775e-01 1.826337814331054688e+01 1.465300330892205238e-03
5.000000000000000000e-01 2.016416168212890625e+01 9.669580613262951374e-04
6.000000238418579102e-01 2.201915550231933594e+01 8.027341100387275219e-04
6.999999880790710449e-01 2.374121665954589844e+01 2.579620573669672012e-03
8.000000119209289551e-01 2.526197814941406250e+01 7.397954468615353107e-04
8.999999761581420898e-01 2.658160400390625000e+01 5.259069730527698994e-04
1.000000000000000000e+00 2.770046615600585938e+01 3.138429892715066671e-04
1.100000023841857910e+00 2.864117431640625000e+01 2.570320502854883671e-04
1.200000047683715820e+00 2.942728996276855469e+01 2.470940817147493362e-04
1.299999952316284180e+00 3.008094406127929688e+01 2.176816633436828852e-04
1.399999976158142090e+00 3.061934089660644531e+01 1.179246464744210243e-04
1.500000000000000000e+00 3.106068420410156250e+01 1.561344834044575691e-04
1.600000023841857910e+00 3.141554641723632812e+01 6.600251072086393833e-05
1.700000047683715820e+00 3.169649505615234375e+01 4.920883657177910209e-05
1.799999952316284180e+00 3.191252136230468750e+01 4.492278094403445721e-05
1.899999976158142090e+00 3.207108688354492188e+01 3.566539817256852984e-05
2.000000000000000000e+00 3.217901992797851562e+01 2.749983286776114255e-05
2.099999904632568359e+00 3.224180603027343750e+01 2.624684748298022896e-05
2.200000047683715820e+00 3.226393508911132812e+01 2.148541898350231349e-05
2.299999952316284180e+00 3.224936676025390625e+01 2.084759944409597665e-05
2.400000095367431641e+00 3.220140838623046875e+01 2.147174200217705220e-05
2.500000000000000000e+00 3.212296676635742188e+01 1.461174542782828212e-05
2.599999904632568359e+00 3.201694869995117188e+01 1.525255811429815367e-05
2.700000047683715820e+00 3.188595390319824219e+01 1.460233943362254649e-05
2.799999952316284180e+00 3.173258972167968750e+01 1.413038626196794212e-05
2.900000095367431641e+00 3.155944633483886719e+01 1.433772195014171302e-05
3.000000000000000000e+00 3.136903762817382812e+01 1.533762952021788806e-05
