1.000000014901161194e-01 7.388455867767333984e+00 2.925464417785406113e-03
2.000000029802322388e-01 2.495704650878906250e+00 7.394000887870788574e-03
3.000000119209289551e-01 -7.015929222106933594e+00 3.618857823312282562e-03
4.000000059604644775e-01 -1.152648067474365234e+01 2.048236550763249397e-03
5.000000000000000000e-01 -1.357143115997314453e+01 1.234322204254567623e-03
6.000000238418579102e-01 -1.437544727325439453e+01 8.204116602428257465e-04
6.999999880790710449e-01 -1.454705524444580078e+01 4.705488972831517458e-04
8.000000119209289551e-01 -1.436318778991699219e+01 3.261267556808888912e-04
8.999999761581420898e-01 -1.399299430847167969e+01 2.543833979871124029e-04
1.000000000000000000e+00 -1.352287578582763672e+01 2.437343064229935408e-04
1.100000023841857910e+00 -1.300446319580078125e+01 2.107100153807550669e-04
1.200000047683715820e+00 -1.246671772003173828e+01 1.173133059637621045e-04
1.299999952316284180e+00 -1.192186546325683594e+01 1.142785913543775678e-04
1.399999976158142090e+00 -1.138337326049804688e+01 8.098880061879754066e-05
1.500000000000000000e+00 -1.085603713989257812e+01 7.531622395617887378e-05
1.600000023841857910e+00 -1.034385108947753906e+01 5.876796785742044449e-05
1.700000047683715820e+00 -9.848625183105468750e+00 3.836192627204582095e-05
1.799999952316284180e+00 -9.370873451232910156e+00 3.301159085822291672e-05
1.899999976158142090e+00 -8.911045074462890625e+00 3.046222627745009959e-05
2.000000000000000000e+00 -8.468969345092773438e+00 2.893951204896438867e-05
2.099999904632568359e+00 -8.044317245483398438e+00 2.103147562593221664e-05
2.200000047683715820e+00 -7.636435508728027344e+00 1.883570439531467855e-05
2.299999952316284180e+00 -7.244761466979980469e+00 1.444812733097933233e-05
2.400000095367431641e+00 -6.868605136871337891e+00 1.153603989223483950e-05
2.500000000000000000e+00 -6.507283210754394531e+00 1.011372842185664922e-05
2.599999904632568359e+00 -6.160149574279785156e+00 8.142176739056594670e-06
2.700000047683715820e+00 -5.826533794403076172e+00 7.178227406257065013e-06
2.799999952316284180e+00 -5.505804538726806641e+00 6.467865205195266753e-06
2.900000095367431641e+00 -5.197350502014160156e+00 5.906719252379843965e-06
3.000000000000000000e+00 -4.900599479675292969e+00 5.126114956510718912e-06
