1.000000014901161194e-01 1.937329864501953125e+01 4.081071820110082626e-03
2.000000029802322388e-01 2.153994750976562500e+01 4.384983796626329422e-03
3.000000119209289551e-01 2.417169189453125000e+01 2.617599442601203918e-03
4.000000059604644775e-01 2.706670188903808594e+01 2.274110680446028709e-03
5.000000000000000000e-01 3.001469802856445312e+01 9.919970296323299408e-03
6.000000238418579102e-01 3.264678192138671875e+01 1.941464841365814209e-03
6.999999880790710449e-01 3.505292510986328125e+01 2.060240134596824646e-03
8.000000119209289551e-01 3.710712051391601562e+01 1.065279240719974041e-03
8.999999761581420898e-01 3.883985519409179688e+01 5.808330606669187546e-04
1.000000000000000000e+00 4.028895950317382812e+01 5.371135775931179523e-04
1.100000023841857910e+00 4.149240493774414062e+01 3.349798207636922598e-04
1.200000047683715820e+00 4.249220657348632812e+01 2.111453359248116612e-04
1.299999952316284180e+00 4.331977081298828125e+01 1.981751847779378295e-04
1.399999976158142090e+00 4.400178909301757812e+01 1.850728149292990565e-04
1.500000000000000000e+00 4.455873489379882812e+01 6.119198951637372375e-05
1.600000023841857910e+00 4.500849151611328125e+01 6.926999776624143124e-05
1.700000047683715820e+00 4.536481094360351562e+01 3.856974581140093505e-05
1.799999952316284180e+00 4.563968276977539062e+01 3.054715853068046272e-05
1.899999976158142090e+00 4.584308242797851562e+01 2.924064938270021230e-05
2.000000000000000000e+00 4.598329544067382812e+01 2.210708953498397022e-05
2.099999904632568359e+00 4.606753921508789062e+01 2.433124609524384141e-05
2.200000047683715820e+00 4.610163879394531250e+01 2.205848068115301430e-05
2.299999952316284180e+00 4.609068298339843750e+01 2.210936145274899900e-05
2.400000095367431641e+00 4.603887176513671875e+01 1.922559022204950452e-05
2.500000000000000000e+00 4.594989013671875000e+01 1.819528370106127113e-05
2.599999904632568359e+00 4.582696533203125000e+01 1.971939309441950172e-05
2.700000047683715820e+00 4.567304992675781250e+01 1.563541445648297668e-05
2.799999952316284180e+00 4.549096679687500000e+01 1.568038896948564798e-05
2.900000095367431641e+00 4.528337097167968750e+01 1.384327879350166768e-05
3.000000000000000000e+00 4.505291748046875000e+01 1.309916933678323403e-05
