1.000000014901161194e-01 1.914959192276000977e+00 1.042610150761902332e-03
2.000000029802322388e-01 4.423589110374450684e-01 1.000282863969914615e-04
3.000000119209289551e-01 -1.283868551254272461e+00 7.441377238137647510e-05
4.000000059604644775e-01 -2.131802558898925781e+00 1.026848258334212005e-04
5.000000000000000000e-01 -2.471064090728759766e+00 6.539274181704968214e-05
6.000000238418579102e-01 -2.563726663589477539e+00 4.178749077254906297e-05
6.999999880790710449e-01 -2.536389350891113281e+00 2.130211578332819045e-05
8.000000119209289551e-01 -2.449758768081665039e+00 1.909378988784737885e-05
8.999999761581420898e-01 -2.334441184997558594e+00 1.274284204555442557e-05
1.000000000000000000e+00 -2.206276416778564453e+00 9.796831363928504288e-06
1.100000023841857910e+00 -2.073818683624267578e+00 7.528658443334279582e-06
1.200000047683715820e+00 -1.941707372665405273e+00 5.920684088778216392e-06
1.299999952316284180e+00 -1.812467098236083984e+00 4.751792403112631291e-06
1.399999976158142090e+00 -1.687441825866699219e+00 3.776298399316146970e-06
1.500000000000000000e+00 -1.567295074462890625e+00 2.648984036568435840e-06
1.600000023841857910e+00 -1.452287554740905762e+00 2.108477929141372442e-06
1.700000047683715820e+00 -1.342464327812194824e+00 1.673175120231462643e-06
1.799999952316284180e+00 -1.237735152244567871e+00 1.519149805062625092e-06
1.899999976158142090e+00 -1.137932538986206055e+00 1.288584257963520940e-06
2.000000000000000000e+00 -1.042852997779846191e+00 1.115975123866519425e-06
2.099999904632568359e+00 -9.522763490676879883e-01 8.520216283613990527e-07
2.200000047683715820e+00 -8.659725189208984375e-01 8.050895985434181057e-07
2.299999952316284180e+00 -7.837167978286743164e-01 7.203598784144560341e-07
2.400000095367431641e+00 -7.052905559539794922e-01 6.520091346828849055e-07
2.500000000000000000e+00 -6.304817795753479004e-01 6.082269123908190522e-07
2.599999904632568359e+00 -5.590899586677551270e-01 5.140478265275305603e-07
2.700000047683715820e+00 -4.909241199493408203e-01 4.592412494730524486e-07
2.799999952316284180e+00 -4.258046150207519531e-01 4.674307376717479201e-07
2.900000095367431641e+00 -3.635613918304443359e-01 4.094743530913547147e-07
3.000000000000000000e+00 -3.040343523025512695e-01 3.741965599601826398e-07
