1.000000014901161194e-01 8.542893409729003906e+00 2.720276359468698502e-03
2.000000029802322388e-01 9.465121269226074219e+00 2.609862945973873138e-03
3.000000119209289551e-01 1.044502639770507812e+01 2.079954836517572403e-03
4.000000059604644775e-01 1.151410770416259766e+01 1.923830364830791950e-03
5.000000000000000000e-01 1.260686016082763672e+01 1.946559175848960876e-03
6.000000238418579102e-01 1.371396160125732422e+01 2.644784515723586082e-03
6.999999880790710449e-01 1.476944446563720703e+01 2.168023493140935898e-03
8.000000119209289551e-01 1.571834659576416016e+01 2.494826214388012886e-03
8.999999761581420898e-01 1.658103370666503906e+01 2.013165736570954323e-03
1.000000000000000000e+00 1.734889793395996094e+01 1.363495714031159878e-03
1.100000023841857910e+00 1.801003265380859375e+01 1.269196858629584312e-03
1.200000047683715820e+00 1.857501411437988281e+01 9.071211097761988640e-04
1.299999952316284180e+00 1.904069328308105469e+01 5.884503480046987534e-04
1.399999976158142090e+00 1.943320465087890625e+01 3.557234595064073801e-04
1.500000000000000000e+00 1.975723457336425781e+01 2.836479106917977333e-04
1.600000023841857910e+00 2.002217483520507812e+01 2.596674603410065174e-04
1.700000047683715820e+00 2.022726249694824219e+01 2.051084884442389011e-04
1.799999952316284180e+00 2.038484382629394531e+01 1.608997699804604053e-04
1.899999976158142090e+00 2.050000381469726562e+01 1.367089571431279182e-04
2.000000000000000000e+00 2.057732963562011719e+01 1.435915328329429030e-04
2.099999904632568359e+00 2.061797332763671875e+01 9.759063686942681670e-05
2.200000047683715820e+00 2.062791442871093750e+01 6.426196341635659337e-05
2.299999952316284180e+00 2.061006355285644531e+01 4.834112405660562217e-05
2.400000095367431641e+00 2.056641960144042969e+01 3.415689934627152979e-05
2.500000000000000000e+00 2.049941825866699219e+01 2.497537388990167528e-05
2.599999904632568359e+00 2.041164779663085938e+01 2.212479921581689268e-05
2.700000047683715820e+00 2.030544281005859375e+01 1.509261164756026119e-05
2.799999952316284180e+00 2.018336868286132812e+01 1.187058478535618633e-05
2.900000095367431641e+00 2.004782867431640625e+01 9.629571650293655694e-06
3.000000000000000000e+00 1.990113639831542969e+01 7.789773917465936393e-06
