1.000000014901161194e-01 1.331875991821289062e+01 2.861974993720650673e-03
2.000000029802322388e-01 1.463357067108154297e+01 1.129749114625155926e-03
3.000000119209289551e-01 1.633261299133300781e+01 5.792560987174510956e-04
4.000000059604644775e-01 1.821580314636230469e+01 4.729614302050322294e-04
5.000000000000000000e-01 2.013836097717285156e+01 3.753298951778560877e-04
6.000000238418579102e-01 2.200161933898925781e+01 2.598244172986596823e-04
6.999999880790710449e-01 2.372373199462890625e+01 3.213100426364690065e-04
8.000000119209289551e-01 2.525452804565429688e+01 3.099275927525013685e-04
1.000000000000000000e+00 2.769702911376953125e+01 1.308311184402555227e-04
1.100000023841857910e+00 2.863868522644042969e+01 1.015298184938728809e-04
1.200000047683715820e+00 2.942526435852050781e+01 8.579633868066594005e-05
1.299999952316284180e+00 3.007902908325195312e+01 8.657522994326427579e-05
1.399999976158142090e+00 3.061857986450195312e+01 7.585025741718709469e-05
1.500000000000000000e+00 3.105964088439941406e+01 5.910275285714305937e-05
1.600000023841857910e+00 3.141505241394042969e+01 3.893358734785579145e-05
1.700000047683715820e+00 3.169634628295898438e+01 3.793667201534844935e-05
1.799999952316284180e+00 3.191236686706542969e+01 3.568463216652162373e-05
1.899999976158142090e+00 3.207102584838867188e+01 2.772298466879874468e-05
2.000000000000000000e+00 3.217902755737304688e+01 2.718263385759200901e-05
2.099999904632568359e+00 3.224177932739257812e+01 2.372848211962264031e-05
2.200000047683715820e+00 3.226396560668945312e+01 2.532517100917175412e-05
2.299999952316284180e+00 3.224936676025390625e+01 2.201850475103128701e-05
2.400000095367431641e+00 3.220139312744140625e+01 2.036111254710704088e-05
2.500000000000000000e+00 3.212300491333007812e+01 2.115539609803818166e-05
2.599999904632568359e+00 3.201696777343750000e+01 1.962240276043303311e-05
2.700000047683715820e+00 3.188598060607910156e+01 1.986137067433446646e-05
2.799999952316284180e+00 3.173261070251464844e+01 1.690097633400000632e-05
2.900000095367431641e+00 3.155946159362792969e+01 1.697792322374880314e-05
3.000000000000000000e+00 3.136906623840332031e+01 2.036025762208737433e-05
