1.000000014901161194e-01 8.539727210998535156e+00 2.704110695049166679e-03
2.000000029802322388e-01 9.496053695678710938e+00 2.669189823791384697e-03
3.000000119209289551e-01 1.043459415435791016e+01 2.090171677991747856e-03
4.000000059604644775e-01 1.147096061706542969e+01 1.695725368335843086e-03
5.000000000000000000e-01 1.261112880706787109e+01 2.744865370914340019e-03
6.000000238418579102e-01 1.363842582702636719e+01 1.610603299923241138e-03
6.999999880790710449e-01 1.472890949249267578e+01 2.537789987400174141e-03
8.000000119209289551e-01 1.576310062408447266e+01 1.753991120494902134e-03
8.999999761581420898e-01 1.656556320190429688e+01 8.702005725353956223e-04
1.000000000000000000e+00 1.734074020385742188e+01 7.548627909272909164e-04
1.100000023841857910e+00 1.800520515441894531e+01 8.661784813739359379e-04
1.200000047683715820e+00 1.855851745605468750e+01 5.193861434236168861e-04
1.299999952316284180e+00 1.904209136962890625e+01 4.436789604369550943e-04
1.399999976158142090e+00 1.943180465698242188e+01 3.257612697780132294e-04
1.500000000000000000e+00 1.975324821472167969e+01 2.198891597799956799e-04
1.600000023841857910e+00 2.001483154296875000e+01 1.621315896045416594e-04
1.700000047683715820e+00 2.022216606140136719e+01 1.297156704822555184e-04
1.799999952316284180e+00 2.038093948364257812e+01 9.941495954990386963e-05
1.899999976158142090e+00 2.049650192260742188e+01 7.934941095300018787e-05
2.000000000000000000e+00 2.057353210449218750e+01 5.693173807230778039e-05
2.099999904632568359e+00 2.061617660522460938e+01 4.875106969848275185e-05
2.200000047683715820e+00 2.062722206115722656e+01 3.646736149676144123e-05
2.299999952316284180e+00 2.060972213745117188e+01 3.134204234811477363e-05
2.400000095367431641e+00 2.056628417968750000e+01 2.769062484730966389e-05
2.500000000000000000e+00 2.049939346313476562e+01 2.298516847076825798e-05
2.599999904632568359e+00 2.041160964965820312e+01 1.923056879604700953e-05
2.700000047683715820e+00 2.030544090270996094e+01 1.638515277591068298e-05
2.799999952316284180e+00 2.018337631225585938e+01 1.310240804741624743e-05
2.900000095367431641e+00 2.004783248901367188e+01 1.086020438378909603e-05
3.000000000000000000e+00 1.990114212036132812e+01 8.525930752512067556e-06
