1.000000014901161194e-01 1.918839335441589355e+00 1.037316280417144299e-03
2.000000029802322388e-01 8.398378491401672363e-01 2.735179848968982697e-03
4.000000059604644775e-01 -2.061531543731689453e+00 8.254344575107097626e-04
5.000000000000000000e-01 -2.441914081573486328e+00 4.615434445440769196e-04
6.000000238418579102e-01 -2.551333427429199219e+00 2.688249514903873205e-04
6.999999880790710449e-01 -2.531483888626098633e+00 1.503567764302715659e-04
8.000000119209289551e-01 -2.448094367980957031e+00 8.085480658337473869e-05
8.999999761581420898e-01 -2.333926677703857422e+00 4.603279376169666648e-05
1.000000000000000000e+00 -2.206135988235473633e+00 2.594429497548844665e-05
1.100000023841857910e+00 -2.073790073394775391e+00 1.424592755938647315e-05
1.200000047683715820e+00 -1.941685438156127930e+00 1.124133086705114692e-05
1.299999952316284180e+00 -1.812453985214233398e+00 8.139720193867105991e-06
1.399999976158142090e+00 -1.687434434890747070e+00 6.534265594382304698e-06
1.500000000000000000e+00 -1.567293405532836914e+00 4.744862962979823351e-06
1.600000023841857910e+00 -1.452282786369323730e+00 4.426102805155096576e-06
1.700000047683715820e+00 -1.342464804649353027e+00 2.768991407720022835e-06
1.799999952316284180e+00 -1.237734675407409668e+00 2.040757181021035649e-06
1.899999976158142090e+00 -1.137932777404785156e+00 1.529229166408185847e-06
2.000000000000000000e+00 -1.042853236198425293e+00 1.143378426604613196e-06
2.099999904632568359e+00 -9.522758722305297852e-01 9.046233344633947127e-07
2.200000047683715820e+00 -8.659722805023193359e-01 8.403673632528807502e-07
2.299999952316284180e+00 -7.837170958518981934e-01 8.724953204364283010e-07
2.400000095367431641e+00 -7.052909135818481445e-01 8.737552548154781107e-07
2.500000000000000000e+00 -6.304817199707031250e-01 8.142239948938367888e-07
2.599999904632568359e+00 -5.590899586677551270e-01 7.376837629635701887e-07
2.700000047683715820e+00 -4.909241795539855957e-01 6.724828836013330147e-07
2.799999952316284180e+00 -4.258045554161071777e-01 6.025572929502232000e-07
2.900000095367431641e+00 -3.635612130165100098e-01 5.294818379297794309e-07
3.000000000000000000e+00 -3.040344715118408203e-01 4.664857726766058477e-07
