1.000000014901161194e-01 1.950743484497070312e+01 4.631788935512304306e-03
2.000000029802322388e-01 2.221041488647460938e+01 4.723535384982824326e-03
3.000000119209289551e-01 2.507846641540527344e+01 5.071147810667753220e-03
4.000000059604644775e-01 2.805650520324707031e+01 4.927939269691705704e-03
5.000000000000000000e-01 3.089191627502441406e+01 7.516766898334026337e-03
6.000000238418579102e-01 3.343320083618164062e+01 6.970312912017107010e-03
6.999999880790710449e-01 3.553734207153320312e+01 4.748797975480556488e-03
8.000000119209289551e-01 3.761738204956054688e+01 5.231487099081277847e-03
8.999999761581420898e-01 3.915930175781250000e+01 3.395260544493794441e-03
1.000000000000000000e+00 4.044480133056640625e+01 4.913154989480972290e-03
1.100000023841857910e+00 4.159511947631835938e+01 2.385275205597281456e-03
1.200000047683715820e+00 4.255122756958007812e+01 1.611687359400093555e-03
1.299999952316284180e+00 4.341015243530273438e+01 1.526397652924060822e-03
1.399999976158142090e+00 4.403265762329101562e+01 1.587588340044021606e-03
1.500000000000000000e+00 4.460740280151367188e+01 1.235269010066986084e-03
1.600000023841857910e+00 4.505744552612304688e+01 1.804281258955597878e-03
1.700000047683715820e+00 4.538728332519531250e+01 5.818633944727480412e-04
1.799999952316284180e+00 4.566123199462890625e+01 6.734798662364482880e-04
1.899999976158142090e+00 4.585419082641601562e+01 3.326729929540306330e-04
2.000000000000000000e+00 4.599408721923828125e+01 5.370390717871487141e-04
2.099999904632568359e+00 4.607662200927734375e+01 6.848300690762698650e-04
2.200000047683715820e+00 4.610661315917968750e+01 2.532897924538701773e-04
2.299999952316284180e+00 4.609407043457031250e+01 1.820300531107932329e-04
2.400000095367431641e+00 4.603977966308593750e+01 9.972721454687416553e-05
2.500000000000000000e+00 4.595164489746093750e+01 1.310816296609118581e-04
2.599999904632568359e+00 4.582777404785156250e+01 7.736890984233468771e-05
2.700000047683715820e+00 4.567347335815429688e+01 5.785893517895601690e-05
2.799999952316284180e+00 4.549126815795898438e+01 4.915447789244353771e-05
2.900000095367431641e+00 4.528360366821289062e+01 4.268416159902699292e-05
3.000000000000000000e+00 4.505306625366210938e+01 3.707925498019903898e-05
