1.000000014901161194e-01 4.220704555511474609e+00 1.935627660714089870e-03
2.000000029802322388e-01 1.217284321784973145e+00 4.731466062366962433e-03
3.000000119209289551e-01 -3.613174438476562500e+00 3.037903225049376488e-03
4.000000059604644775e-01 -6.229339122772216797e+00 1.996220089495182037e-03
5.000000000000000000e-01 -7.404984951019287109e+00 1.122754067182540894e-03
6.000000238418579102e-01 -7.780701637268066406e+00 8.416308555752038956e-04
6.999999880790710449e-01 -7.836212635040283203e+00 4.050301795359700918e-04
8.000000119209289551e-01 -7.670724868774414062e+00 2.786995901260524988e-04
8.999999761581420898e-01 -7.414478778839111328e+00 2.014829951804131269e-04
1.000000000000000000e+00 -7.111623287200927734e+00 1.399367902195081115e-04
1.100000023841857910e+00 -6.788583278656005859e+00 1.228396431542932987e-04
1.200000047683715820e+00 -6.461248874664306641e+00 8.845136471791192889e-05
1.299999952316284180e+00 -6.135774612426757812e+00 8.381922089029103518e-05
1.399999976158142090e+00 -5.818174839019775391e+00 7.074702443787828088e-05
1.500000000000000000e+00 -5.510480403900146484e+00 5.989698183839209378e-05
1.600000023841857910e+00 -5.214191436767578125e+00 4.510238795774057508e-05
1.700000047683715820e+00 -4.929426193237304688e+00 4.485360113903880119e-05
1.799999952316284180e+00 -4.656795978546142578e+00 2.818876782839652151e-05
1.899999976158142090e+00 -4.395612716674804688e+00 2.341600156796630472e-05
2.000000000000000000e+00 -4.145811080932617188e+00 7.391168765025213361e-06
2.099999904632568359e+00 -3.906793355941772461e+00 6.251070317375706509e-06
2.200000047683715820e+00 -3.678175926208496094e+00 6.985535492276540026e-06
2.299999952316284180e+00 -3.459468603134155273e+00 8.220462405006401241e-06
2.400000095367431641e+00 -3.250197410583496094e+00 7.210886906250379980e-06
2.500000000000000000e+00 -3.049873352050781250e+00 6.410799414879875258e-06
2.599999904632568359e+00 -2.858034610748291016e+00 5.658305326505796984e-06
2.700000047683715820e+00 -2.674247264862060547e+00 4.813868144992738962e-06
2.799999952316284180e+00 -2.498088359832763672e+00 4.032169272250030190e-06
2.900000095367431641e+00 -2.329165220260620117e+00 3.895155259669991210e-06
3.000000000000000000e+00 -2.167103052139282227e+00 2.931372137027210556e-06
