

# V0=-9.0, s=0.5 
#   x [ho units]    Meanfield: Umf, UHO, Udir, Uexc [ho units]
   -6.000000E+00     1.800000E+01     1.800000E+01    -3.089590E-09     2.042188E-17
   -5.950000E+00     1.770125E+01     1.770125E+01    -4.590524E-09     3.936215E-16
   -5.900000E+00     1.740500E+01     1.740500E+01    -6.797808E-09     1.643657E-15
   -5.850000E+00     1.711125E+01     1.711125E+01    -1.003277E-08     4.200413E-15
   -5.800000E+00     1.682000E+01     1.682000E+01    -1.475767E-08     8.925456E-15
   -5.750000E+00     1.653125E+01     1.653125E+01    -2.163514E-08     1.737894E-14
   -5.700000E+00     1.624500E+01     1.624500E+01    -3.161162E-08     3.229684E-14
   -5.650000E+00     1.596125E+01     1.596125E+01    -4.603399E-08     5.841319E-14
   -5.600000E+00     1.568000E+01     1.568000E+01    -6.681208E-08     1.038552E-13
   -5.550000E+00     1.540125E+01     1.540125E+01    -9.664421E-08     1.824908E-13
   -5.500000E+00     1.512500E+01     1.512500E+01    -1.393288E-07     3.178522E-13
   -5.450000E+00     1.485125E+01     1.485125E+01    -2.001935E-07     5.496570E-13
   -5.400000E+00     1.458000E+01     1.458000E+01    -2.866834E-07     9.445846E-13
   -5.350000E+00     1.431125E+01     1.431125E+01    -4.091651E-07     1.613986E-12
   -5.300000E+00     1.404500E+01     1.404500E+01    -5.820195E-07     2.742824E-12
   -5.250000E+00     1.378125E+01     1.378125E+01    -8.251234E-07     4.636716E-12
   -5.200000E+00     1.352000E+01     1.352000E+01    -1.165849E-06     7.797945E-12
   -5.150000E+00     1.326125E+01     1.326125E+01    -1.641750E-06     1.304764E-11
   -5.100000E+00     1.300500E+01     1.300500E+01    -2.304160E-06     2.172105E-11
   -5.050000E+00     1.275125E+01     1.275125E+01    -3.222984E-06     3.597781E-11
   -5.000000E+00     1.250000E+01     1.250000E+01    -4.493067E-06     5.929239E-11
   -4.950000E+00     1.225124E+01     1.225125E+01    -6.242605E-06     9.722458E-11
   -4.900000E+00     1.200499E+01     1.200500E+01    -8.644220E-06     1.586237E-10
   -4.850000E+00     1.176124E+01     1.176125E+01    -1.192948E-05     2.574989E-10
   -4.800000E+00     1.151998E+01     1.152000E+01    -1.640786E-05     4.159095E-10
   -4.750000E+00     1.128123E+01     1.128125E+01    -2.249133E-05     6.684035E-10
   -4.700000E+00     1.104497E+01     1.104500E+01    -3.072624E-05     1.068796E-09
   -4.650000E+00     1.081121E+01     1.081125E+01    -4.183433E-05     1.700463E-09
   -4.600000E+00     1.057994E+01     1.058000E+01    -5.676530E-05     2.691882E-09
   -4.550000E+00     1.035117E+01     1.035125E+01    -7.676397E-05     4.239951E-09
   -4.500000E+00     1.012490E+01     1.012500E+01    -1.034555E-04     6.644795E-09
   -4.450000E+00     9.901111E+00     9.901250E+00    -1.389530E-04     1.036139E-08
   -4.400000E+00     9.679814E+00     9.680000E+00    -1.859933E-04     1.607572E-08
   -4.350000E+00     9.461002E+00     9.461250E+00    -2.481064E-04     2.481635E-08
   -4.300000E+00     9.244670E+00     9.245000E+00    -3.298265E-04     3.811718E-08
   -4.250000E+00     9.030813E+00     9.031250E+00    -4.369538E-04     5.825305E-08
   -4.200000E+00     8.819423E+00     8.820000E+00    -5.768765E-04     8.857914E-08
   -4.150000E+00     8.610491E+00     8.611250E+00    -7.589653E-04     1.340167E-07
   -4.100000E+00     8.404005E+00     8.405000E+00    -9.950546E-04     2.017441E-07
   -4.050000E+00     8.199950E+00     8.201250E+00    -1.300023E-03     3.021738E-07
   -4.000000E+00     7.998308E+00     8.000000E+00    -1.692497E-03     4.503260E-07
   -3.950000E+00     7.799055E+00     7.801250E+00    -2.195681E-03     6.677456E-07
   -3.900000E+00     7.602163E+00     7.605000E+00    -2.838359E-03     9.851643E-07
   -3.850000E+00     7.407595E+00     7.411250E+00    -3.656062E-03     1.446171E-06
   -3.800000E+00     7.215310E+00     7.220000E+00    -4.692437E-03     2.112243E-06
   -3.750000E+00     7.025252E+00     7.031250E+00    -6.000844E-03     3.069595E-06
   -3.700000E+00     6.837358E+00     6.845000E+00    -7.646185E-03     4.438447E-06
   -3.650000E+00     6.651549E+00     6.661250E+00    -9.706999E-03     6.385478E-06
   -3.600000E+00     6.467731E+00     6.480000E+00    -1.227782E-02     9.140460E-06
   -3.550000E+00     6.285791E+00     6.301250E+00    -1.547184E-02     1.301831E-05
   -3.500000E+00     6.105595E+00     6.125000E+00    -1.942381E-02     1.844815E-05
   -3.450000E+00     5.926983E+00     5.951250E+00    -2.429326E-02     2.601131E-05
   -3.400000E+00     5.749769E+00     5.780000E+00    -3.026791E-02     3.649073E-05
   -3.350000E+00     5.573734E+00     5.611250E+00    -3.756736E-02     5.093464E-05
   -3.300000E+00     5.398624E+00     5.445000E+00    -4.644689E-02     7.073814E-05
   -3.250000E+00     5.224146E+00     5.281250E+00    -5.720129E-02     9.774692E-05
   -3.200000E+00     5.049966E+00     5.120000E+00    -7.016874E-02     1.343880E-04
   -3.150000E+00     4.875699E+00     4.961250E+00    -8.573446E-02     1.838337E-04
   -3.100000E+00     4.700916E+00     4.805000E+00    -1.043341E-01     2.502044E-04
   -3.050000E+00     4.525132E+00     4.651250E+00    -1.264567E-01     3.388193E-04
   -3.000000E+00     4.347810E+00     4.500000E+00    -1.526465E-01     4.565017E-04
   -2.950000E+00     4.168357E+00     4.351250E+00    -1.835047E-01     6.119476E-04
   -2.900000E+00     3.986127E+00     4.205000E+00    -2.196892E-01     8.161680E-04
   -2.850000E+00     3.800420E+00     4.061250E+00    -2.619132E-01     1.083012E-03
   -2.800000E+00     3.610487E+00     3.920000E+00    -3.109426E-01     1.429776E-03
   -2.750000E+00     3.415537E+00     3.781250E+00    -3.675905E-01     1.877913E-03
   -2.700000E+00     3.214743E+00     3.645000E+00    -4.327107E-01     2.453833E-03
   -2.650000E+00     3.007252E+00     3.511250E+00    -5.071882E-01     3.189794E-03
   -2.600000E+00     2.792197E+00     3.380000E+00    -5.919278E-01     4.124882E-03
   -2.550000E+00     2.568716E+00     3.251250E+00    -6.878396E-01     5.306046E-03
   -2.500000E+00     2.335966E+00     3.125000E+00    -7.958232E-01     6.789148E-03
   -2.450000E+00     2.093141E+00     3.001250E+00    -9.167489E-01     8.639996E-03
   -2.400000E+00     1.839498E+00     2.880000E+00    -1.051438E+00     1.093525E-02
   -2.350000E+00     1.574375E+00     2.761250E+00    -1.200638E+00     1.376309E-02
   -2.300000E+00     1.297216E+00     2.645000E+00    -1.365007E+00     1.722359E-02
   -2.250000E+00     1.007596E+00     2.531250E+00    -1.545082E+00     2.142845E-02
   -2.200000E+00     7.052373E-01     2.420000E+00    -1.741263E+00     2.650006E-02
   -2.150000E+00     3.900330E-01     2.311250E+00    -1.953787E+00     3.256957E-02
   -2.100000E+00     6.206146E-02     2.205000E+00    -2.182712E+00     3.977372E-02
   -2.050000E+00    -2.784019E-01     2.101250E+00    -2.427902E+00     4.825018E-02
   -2.000000E+00    -6.308788E-01     2.000000E+00    -2.689010E+00     5.813136E-02
   -1.950000E+00    -9.946877E-01     1.901250E+00    -2.965474E+00     6.953634E-02
   -1.900000E+00    -1.368952E+00     1.805000E+00    -3.256513E+00     8.256136E-02
   -1.850000E+00    -1.752611E+00     1.711250E+00    -3.561130E+00     9.726876E-02
   -1.800000E+00    -2.144446E+00     1.620000E+00    -3.878121E+00     1.136754E-01
   -1.750000E+00    -2.543100E+00     1.531250E+00    -4.206091E+00     1.317408E-01
   -1.700000E+00    -2.947112E+00     1.445000E+00    -4.543470E+00     1.513574E-01
   -1.650000E+00    -3.354950E+00     1.361250E+00    -4.888542E+00     1.723426E-01
   -1.600000E+00    -3.765041E+00     1.280000E+00    -5.239477E+00     1.944360E-01
   -1.550000E+00    -4.175804E+00     1.201250E+00    -5.594356E+00     2.173021E-01
   -1.500000E+00    -4.585674E+00     1.125000E+00    -5.951214E+00     2.405402E-01
   -1.450000E+00    -4.993121E+00     1.051250E+00    -6.308073E+00     2.637022E-01
   -1.400000E+00    -5.396662E+00     9.800000E-01    -6.662979E+00     2.863175E-01
   -1.350000E+00    -5.794863E+00     9.112500E-01    -7.014037E+00     3.079240E-01
   -1.300000E+00    -6.186338E+00     8.450000E-01    -7.359441E+00     3.281029E-01
   -1.250000E+00    -6.569740E+00     7.812500E-01    -7.697504E+00     3.465137E-01
   -1.200000E+00    -6.943756E+00     7.200000E-01    -8.026681E+00     3.629248E-01
   -1.150000E+00    -7.307102E+00     6.612500E-01    -8.345588E+00     3.772362E-01
   -1.100000E+00    -7.658523E+00     6.050000E-01    -8.653013E+00     3.894901E-01
   -1.050000E+00    -7.996808E+00     5.512500E-01    -8.947925E+00     3.998669E-01
   -1.000000E+00    -8.320809E+00     5.000000E-01    -9.229473E+00     4.086647E-01
   -9.500000E-01    -8.629471E+00     4.512500E-01    -9.496986E+00     4.162652E-01
   -9.000000E-01    -8.921872E+00     4.050000E-01    -9.749960E+00     4.230877E-01
   -8.500000E-01    -9.197263E+00     3.612500E-01    -9.988050E+00     4.295372E-01
   -8.000000E-01    -9.455103E+00     3.200000E-01    -1.021106E+01     4.359532E-01
   -7.500000E-01    -9.695084E+00     2.812500E-01    -1.041890E+01     4.425665E-01
   -7.000000E-01    -9.917147E+00     2.450000E-01    -1.061162E+01     4.494702E-01
   -6.500000E-01    -1.012147E+01     2.112500E-01    -1.078933E+01     4.566105E-01
   -6.000000E-01    -1.030842E+01     1.800000E-01    -1.095222E+01     4.637991E-01
   -5.500000E-01    -1.047855E+01     1.512500E-01    -1.110055E+01     4.707471E-01
   -5.000000E-01    -1.063247E+01     1.250000E-01    -1.123459E+01     4.771154E-01
   -4.500000E-01    -1.077082E+01     1.012500E-01    -1.135465E+01     4.825742E-01
   -4.000000E-01    -1.089417E+01     8.000000E-02    -1.146103E+01     4.868624E-01
   -3.500000E-01    -1.100297E+01     6.125000E-02    -1.155406E+01     4.898372E-01
   -3.000000E-01    -1.109751E+01     4.500000E-02    -1.163401E+01     4.915031E-01
   -2.500000E-01    -1.117790E+01     3.125000E-02    -1.170117E+01     4.920167E-01
   -2.000000E-01    -1.124410E+01     2.000000E-02    -1.175577E+01     4.916637E-01
   -1.500000E-01    -1.129595E+01     1.125000E-02    -1.179801E+01     4.908124E-01
   -1.000000E-01    -1.133322E+01     5.000000E-03    -1.182807E+01     4.898505E-01
   -5.000000E-02    -1.135569E+01     1.250000E-03    -1.184605E+01     4.891179E-01
    0.000000E+00    -1.136319E+01     0.000000E+00    -1.185204E+01     4.888464E-01
    5.000000E-02    -1.135569E+01     1.250000E-03    -1.184605E+01     4.891179E-01
    1.000000E-01    -1.133322E+01     5.000000E-03    -1.182807E+01     4.898505E-01
    1.500000E-01    -1.129595E+01     1.125000E-02    -1.179801E+01     4.908124E-01
    2.000000E-01    -1.124410E+01     2.000000E-02    -1.175577E+01     4.916637E-01
    2.500000E-01    -1.117790E+01     3.125000E-02    -1.170117E+01     4.920167E-01
    3.000000E-01    -1.109751E+01     4.500000E-02    -1.163401E+01     4.915031E-01
    3.500000E-01    -1.100297E+01     6.125000E-02    -1.155406E+01     4.898372E-01
    4.000000E-01    -1.089417E+01     8.000000E-02    -1.146103E+01     4.868624E-01
    4.500000E-01    -1.077082E+01     1.012500E-01    -1.135465E+01     4.825742E-01
    5.000000E-01    -1.063247E+01     1.250000E-01    -1.123459E+01     4.771154E-01
    5.500000E-01    -1.047855E+01     1.512500E-01    -1.110055E+01     4.707471E-01
    6.000000E-01    -1.030842E+01     1.800000E-01    -1.095222E+01     4.637991E-01
    6.500000E-01    -1.012147E+01     2.112500E-01    -1.078933E+01     4.566105E-01
    7.000000E-01    -9.917147E+00     2.450000E-01    -1.061162E+01     4.494702E-01
    7.500000E-01    -9.695084E+00     2.812500E-01    -1.041890E+01     4.425665E-01
    8.000000E-01    -9.455103E+00     3.200000E-01    -1.021106E+01     4.359532E-01
    8.500000E-01    -9.197263E+00     3.612500E-01    -9.988050E+00     4.295372E-01
    9.000000E-01    -8.921872E+00     4.050000E-01    -9.749960E+00     4.230877E-01
    9.500000E-01    -8.629471E+00     4.512500E-01    -9.496986E+00     4.162652E-01
    1.000000E+00    -8.320809E+00     5.000000E-01    -9.229473E+00     4.086647E-01
    1.050000E+00    -7.996808E+00     5.512500E-01    -8.947925E+00     3.998669E-01
    1.100000E+00    -7.658523E+00     6.050000E-01    -8.653013E+00     3.894901E-01
    1.150000E+00    -7.307102E+00     6.612500E-01    -8.345588E+00     3.772362E-01
    1.200000E+00    -6.943756E+00     7.200000E-01    -8.026681E+00     3.629248E-01
    1.250000E+00    -6.569740E+00     7.812500E-01    -7.697504E+00     3.465137E-01
    1.300000E+00    -6.186338E+00     8.450000E-01    -7.359441E+00     3.281029E-01
    1.350000E+00    -5.794863E+00     9.112500E-01    -7.014037E+00     3.079240E-01
    1.400000E+00    -5.396662E+00     9.800000E-01    -6.662979E+00     2.863175E-01
    1.450000E+00    -4.993121E+00     1.051250E+00    -6.308073E+00     2.637022E-01
    1.500000E+00    -4.585674E+00     1.125000E+00    -5.951214E+00     2.405402E-01
    1.550000E+00    -4.175804E+00     1.201250E+00    -5.594356E+00     2.173021E-01
    1.600000E+00    -3.765041E+00     1.280000E+00    -5.239477E+00     1.944360E-01
    1.650000E+00    -3.354950E+00     1.361250E+00    -4.888542E+00     1.723426E-01
    1.700000E+00    -2.947112E+00     1.445000E+00    -4.543470E+00     1.513574E-01
    1.750000E+00    -2.543100E+00     1.531250E+00    -4.206091E+00     1.317408E-01
    1.800000E+00    -2.144446E+00     1.620000E+00    -3.878121E+00     1.136754E-01
    1.850000E+00    -1.752611E+00     1.711250E+00    -3.561130E+00     9.726876E-02
    1.900000E+00    -1.368952E+00     1.805000E+00    -3.256513E+00     8.256136E-02
    1.950000E+00    -9.946877E-01     1.901250E+00    -2.965474E+00     6.953634E-02
    2.000000E+00    -6.308788E-01     2.000000E+00    -2.689010E+00     5.813136E-02
    2.050000E+00    -2.784019E-01     2.101250E+00    -2.427902E+00     4.825018E-02
    2.100000E+00     6.206146E-02     2.205000E+00    -2.182712E+00     3.977372E-02
    2.150000E+00     3.900330E-01     2.311250E+00    -1.953787E+00     3.256957E-02
    2.200000E+00     7.052373E-01     2.420000E+00    -1.741263E+00     2.650006E-02
    2.250000E+00     1.007596E+00     2.531250E+00    -1.545082E+00     2.142845E-02
    2.300000E+00     1.297216E+00     2.645000E+00    -1.365007E+00     1.722359E-02
    2.350000E+00     1.574375E+00     2.761250E+00    -1.200638E+00     1.376309E-02
    2.400000E+00     1.839498E+00     2.880000E+00    -1.051438E+00     1.093525E-02
    2.450000E+00     2.093141E+00     3.001250E+00    -9.167489E-01     8.639996E-03
    2.500000E+00     2.335966E+00     3.125000E+00    -7.958232E-01     6.789148E-03
    2.550000E+00     2.568716E+00     3.251250E+00    -6.878396E-01     5.306046E-03
    2.600000E+00     2.792197E+00     3.380000E+00    -5.919278E-01     4.124882E-03
    2.650000E+00     3.007252E+00     3.511250E+00    -5.071882E-01     3.189794E-03
    2.700000E+00     3.214743E+00     3.645000E+00    -4.327107E-01     2.453833E-03
    2.750000E+00     3.415537E+00     3.781250E+00    -3.675905E-01     1.877913E-03
    2.800000E+00     3.610487E+00     3.920000E+00    -3.109426E-01     1.429776E-03
    2.850000E+00     3.800420E+00     4.061250E+00    -2.619132E-01     1.083012E-03
    2.900000E+00     3.986127E+00     4.205000E+00    -2.196892E-01     8.161680E-04
    2.950000E+00     4.168357E+00     4.351250E+00    -1.835047E-01     6.119476E-04
    3.000000E+00     4.347810E+00     4.500000E+00    -1.526465E-01     4.565017E-04
    3.050000E+00     4.525132E+00     4.651250E+00    -1.264567E-01     3.388193E-04
    3.100000E+00     4.700916E+00     4.805000E+00    -1.043341E-01     2.502044E-04
    3.150000E+00     4.875699E+00     4.961250E+00    -8.573446E-02     1.838337E-04
    3.200000E+00     5.049966E+00     5.120000E+00    -7.016874E-02     1.343880E-04
    3.250000E+00     5.224146E+00     5.281250E+00    -5.720129E-02     9.774692E-05
    3.300000E+00     5.398624E+00     5.445000E+00    -4.644689E-02     7.073814E-05
    3.350000E+00     5.573734E+00     5.611250E+00    -3.756736E-02     5.093464E-05
    3.400000E+00     5.749769E+00     5.780000E+00    -3.026791E-02     3.649073E-05
    3.450000E+00     5.926983E+00     5.951250E+00    -2.429326E-02     2.601131E-05
    3.500000E+00     6.105595E+00     6.125000E+00    -1.942381E-02     1.844815E-05
    3.550000E+00     6.285791E+00     6.301250E+00    -1.547184E-02     1.301831E-05
    3.600000E+00     6.467731E+00     6.480000E+00    -1.227782E-02     9.140460E-06
    3.650000E+00     6.651549E+00     6.661250E+00    -9.706999E-03     6.385478E-06
    3.700000E+00     6.837358E+00     6.845000E+00    -7.646185E-03     4.438447E-06
    3.750000E+00     7.025252E+00     7.031250E+00    -6.000844E-03     3.069595E-06
    3.800000E+00     7.215310E+00     7.220000E+00    -4.692437E-03     2.112243E-06
    3.850000E+00     7.407595E+00     7.411250E+00    -3.656062E-03     1.446171E-06
    3.900000E+00     7.602163E+00     7.605000E+00    -2.838359E-03     9.851643E-07
    3.950000E+00     7.799055E+00     7.801250E+00    -2.195681E-03     6.677456E-07
    4.000000E+00     7.998308E+00     8.000000E+00    -1.692497E-03     4.503260E-07
    4.050000E+00     8.199950E+00     8.201250E+00    -1.300023E-03     3.021738E-07
    4.100000E+00     8.404005E+00     8.405000E+00    -9.950546E-04     2.017441E-07
    4.150000E+00     8.610491E+00     8.611250E+00    -7.589653E-04     1.340167E-07
    4.200000E+00     8.819423E+00     8.820000E+00    -5.768765E-04     8.857914E-08
    4.250000E+00     9.030813E+00     9.031250E+00    -4.369538E-04     5.825305E-08
    4.300000E+00     9.244670E+00     9.245000E+00    -3.298265E-04     3.811718E-08
    4.350000E+00     9.461002E+00     9.461250E+00    -2.481064E-04     2.481635E-08
    4.400000E+00     9.679814E+00     9.680000E+00    -1.859933E-04     1.607572E-08
    4.450000E+00     9.901111E+00     9.901250E+00    -1.389530E-04     1.036139E-08
    4.500000E+00     1.012490E+01     1.012500E+01    -1.034555E-04     6.644795E-09
    4.550000E+00     1.035117E+01     1.035125E+01    -7.676397E-05     4.239951E-09
    4.600000E+00     1.057994E+01     1.058000E+01    -5.676530E-05     2.691882E-09
    4.650000E+00     1.081121E+01     1.081125E+01    -4.183433E-05     1.700463E-09
    4.700000E+00     1.104497E+01     1.104500E+01    -3.072624E-05     1.068796E-09
    4.750000E+00     1.128123E+01     1.128125E+01    -2.249133E-05     6.684035E-10
    4.800000E+00     1.151998E+01     1.152000E+01    -1.640786E-05     4.159095E-10
    4.850000E+00     1.176124E+01     1.176125E+01    -1.192948E-05     2.574989E-10
    4.900000E+00     1.200499E+01     1.200500E+01    -8.644220E-06     1.586237E-10
    4.950000E+00     1.225124E+01     1.225125E+01    -6.242605E-06     9.722458E-11
    5.000000E+00     1.250000E+01     1.250000E+01    -4.493067E-06     5.929239E-11
    5.050000E+00     1.275125E+01     1.275125E+01    -3.222984E-06     3.597781E-11
    5.100000E+00     1.300500E+01     1.300500E+01    -2.304160E-06     2.172105E-11
    5.150000E+00     1.326125E+01     1.326125E+01    -1.641750E-06     1.304764E-11
    5.200000E+00     1.352000E+01     1.352000E+01    -1.165849E-06     7.797945E-12
    5.250000E+00     1.378125E+01     1.378125E+01    -8.251234E-07     4.636716E-12
    5.300000E+00     1.404500E+01     1.404500E+01    -5.820195E-07     2.742824E-12
    5.350000E+00     1.431125E+01     1.431125E+01    -4.091651E-07     1.613986E-12
    5.400000E+00     1.458000E+01     1.458000E+01    -2.866834E-07     9.445846E-13
    5.450000E+00     1.485125E+01     1.485125E+01    -2.001935E-07     5.496570E-13
    5.500000E+00     1.512500E+01     1.512500E+01    -1.393288E-07     3.178522E-13
    5.550000E+00     1.540125E+01     1.540125E+01    -9.664421E-08     1.824908E-13
    5.600000E+00     1.568000E+01     1.568000E+01    -6.681208E-08     1.038552E-13
    5.650000E+00     1.596125E+01     1.596125E+01    -4.603399E-08     5.841319E-14
    5.700000E+00     1.624500E+01     1.624500E+01    -3.161162E-08     3.229684E-14
    5.750000E+00     1.653125E+01     1.653125E+01    -2.163514E-08     1.737894E-14
    5.800000E+00     1.682000E+01     1.682000E+01    -1.475767E-08     8.925459E-15
    5.850000E+00     1.711125E+01     1.711125E+01    -1.003277E-08     4.200416E-15
    5.900000E+00     1.740500E+01     1.740500E+01    -6.797808E-09     1.643659E-15
    5.950000E+00     1.770125E+01     1.770125E+01    -4.590524E-09     3.936231E-16
