-2.000000000000000000e+01 -7.522944840891407914e+00 1.391687905996356238e-04
-1.900000000000000000e+01 -6.521168315874894539e+00 1.279603480639915976e-04
-1.800000000000000000e+01 -5.552502395458415840e+00 1.069388394519759744e-04
-1.700000000000000000e+01 -4.620058866858558488e+00 9.042832693348933657e-05
-1.600000000000000000e+01 -3.726161667912070374e+00 6.072555759540084028e-05
-1.500000000000000000e+01 -2.872192561323967830e+00 5.249103367373069708e-05
-1.400000000000000000e+01 -2.060861569732534981e+00 4.679919574451250804e-05
-1.300000000000000000e+01 -1.294361413666365035e+00 6.368144808974587955e-05
-1.200000000000000000e+01 -5.753911121206458645e-01 5.829753044378832089e-05
-1.100000000000000000e+01 9.481660886176633551e-02 5.829320369507739921e-05
-1.000000000000000000e+01 7.150913648362543507e-01 4.936856335401516285e-05
-9.000000000000000000e+00 1.285070616086080308e+00 4.638527011783428626e-05
-8.000000000000000000e+00 1.805378252012055151e+00 3.682135265473328144e-05
-7.000000000000000000e+00 2.277763346718635340e+00 3.354347994381711801e-05
-6.000000000000000000e+00 2.704546398637908133e+00 2.605784411152909597e-05
-5.000000000000000000e+00 3.088972612085771896e+00 2.565365366945044289e-05
-4.000000000000000000e+00 3.434545498997292778e+00 2.309762686847313841e-05
-3.000000000000000000e+00 3.744927021172079762e+00 1.909502374847750836e-05
-2.000000000000000000e+00 4.023744479186380119e+00 1.711048833973451570e-05
-1.000000000000000000e+00 4.274381446779869087e+00 1.137718573536998878e-05
0.000000000000000000e+00 4.500001427354223260e+00 2.360962546593227370e-06
1.000000000000000000e+00 4.703469179980189985e+00 6.213211148884314536e-06
2.000000000000000000e+00 4.887329811826687020e+00 9.109248286061590302e-06
3.000000000000000000e+00 5.053871499070679896e+00 1.199050236514321359e-05
4.000000000000000000e+00 5.205112282020680325e+00 1.397684058584909368e-05
5.000000000000000000e+00 5.342865535675425548e+00 1.600248010734584741e-05
6.000000000000000000e+00 5.468703659288133068e+00 1.880621327202345043e-05
7.000000000000000000e+00 5.584014192855036640e+00 2.214646327685540315e-05
8.000000000000000000e+00 5.690011921916024562e+00 2.487015159038094488e-05
9.000000000000000000e+00 5.787754832079952116e+00 2.938042655912478685e-05
1.000000000000000000e+01 5.878138056984878901e+00 3.031175921915079603e-05
1.100000000000000000e+01 5.962023170563614194e+00 3.144320400705695847e-05
1.200000000000000000e+01 6.040262942897030030e+00 4.579214498204536263e-05
1.300000000000000000e+01 6.113064240167740415e+00 4.498845140899156343e-05
1.400000000000000000e+01 6.181244621015047791e+00 4.534144199132429637e-05
1.500000000000000000e+01 6.245245326190801194e+00 4.775071989852282180e-05
1.600000000000000000e+01 6.305426169199489728e+00 4.702851342619138435e-05
1.700000000000000000e+01 6.362266902462117457e+00 5.285412000305558062e-05
1.800000000000000000e+01 6.416058018478699942e+00 5.979999393365606340e-05
1.900000000000000000e+01 6.466803918273799745e+00 4.945654057780391052e-05
2.000000000000000000e+01 6.515140053402470599e+00 5.571446146336775081e-05
