-2.000000000000000000e+01 -2.724687151424004483e+01 4.630877317214923098e-04
-1.900000000000000000e+01 -2.347195986312093297e+01 4.739204961356611079e-04
-1.800000000000000000e+01 -1.985553885884305458e+01 4.488805743664342138e-04
-1.700000000000000000e+01 -1.640306241396793396e+01 4.148363657795758148e-04
-1.600000000000000000e+01 -1.311924412841066001e+01 3.701987984166543190e-04
-1.500000000000000000e+01 -1.000822365273578285e+01 3.032969609900570528e-04
-1.400000000000000000e+01 -7.068594531061650699e+00 4.213893569174767344e-04
-1.300000000000000000e+01 -4.309671669708590613e+00 3.898100724147951718e-04
-1.200000000000000000e+01 -1.729567895813518774e+00 3.058273014155758187e-04
-1.100000000000000000e+01 6.781181026170620685e-01 2.784773650927110651e-04
-1.000000000000000000e+01 2.916568525767458286e+00 2.814828825532554655e-04
-9.000000000000000000e+00 4.993402249555793482e+00 2.975539513564110644e-04
-8.000000000000000000e+00 6.914209568712569975e+00 2.392879795472485182e-04
-7.000000000000000000e+00 8.692897683953786370e+00 2.436545203318241451e-04
-6.000000000000000000e+00 1.033888409077708381e+01 2.324292578696036070e-04
-5.000000000000000000e+00 1.186272864025479201e+01 2.102222271046020317e-04
-4.000000000000000000e+00 1.327500920520700056e+01 1.758454854492553870e-04
-3.000000000000000000e+00 1.458698990403985185e+01 1.793161857815648034e-04
-2.000000000000000000e+00 1.580549436619809534e+01 1.160658521862636613e-04
-1.000000000000000000e+00 1.694085092114793412e+01 7.305597059437154137e-05
0.000000000000000000e+00 1.800001906080660419e+01 1.054838504139057106e-05
1.000000000000000000e+00 1.899030902543094257e+01 6.869306405098158784e-05
2.000000000000000000e+00 1.991706243180124147e+01 1.076012501847033599e-04
3.000000000000000000e+00 2.078563476269075494e+01 1.425935414408718686e-04
4.000000000000000000e+00 2.160094479773202281e+01 2.073080199538474813e-04
5.000000000000000000e+00 2.236719734625410183e+01 2.258599126463672186e-04
6.000000000000000000e+00 2.308862771568378847e+01 2.927108706963652213e-04
7.000000000000000000e+00 2.376664028220821834e+01 3.155647963924150166e-04
8.000000000000000000e+00 2.440503642576518573e+01 2.618130064159957275e-04
9.000000000000000000e+00 2.501427202087814550e+01 5.143291695989140157e-04
1.000000000000000000e+01 2.558910110672048077e+01 6.396387142409147748e-04
1.100000000000000000e+01 2.612632398196518224e+01 5.708216317094723857e-04
1.200000000000000000e+01 2.663962672237758511e+01 6.927181695979861987e-04
1.300000000000000000e+01 2.712611739597972260e+01 9.047225377240082807e-04
1.400000000000000000e+01 2.759006042455881413e+01 1.135543643868955474e-03
1.500000000000000000e+01 2.802530317361729573e+01 9.527054240983337963e-04
1.600000000000000000e+01 2.844553449230080489e+01 9.415673834245692547e-04
1.700000000000000000e+01 2.884668404819832332e+01 1.390431149425519616e-03
1.800000000000000000e+01 2.922651426808576858e+01 1.292890841683179632e-03
1.900000000000000000e+01 2.959325177067774248e+01 1.923418967551782273e-03
2.000000000000000000e+01 3.001469753465265811e+01 9.919970226771431671e-03
