-2.000000000000000000e+01 -2.011456009187803673e+01 2.550786081947162363e-03
-1.900000000000000000e+01 -1.732615594047803498e+01 2.639497496590815975e-03
-1.800000000000000000e+01 -1.469970975364887877e+01 2.452892096469855027e-03
-1.700000000000000000e+01 -1.222693335706341244e+01 2.067144607574871850e-03
-1.600000000000000000e+01 -9.752829521112827749e+00 2.333762774698742732e-03
-1.500000000000000000e+01 -7.461610869308508143e+00 2.196229409307535844e-03
-1.400000000000000000e+01 -5.456437331157021120e+00 1.369024270162817183e-03
-1.300000000000000000e+01 -3.430829063602518492e+00 1.277025426761677421e-03
-1.200000000000000000e+01 -1.526344853067745921e+00 1.261593321336906826e-03
-1.100000000000000000e+01 2.285653845446495303e-01 1.120087254327583595e-03
-1.000000000000000000e+01 1.897817336649145536e+00 1.257037945414960205e-03
-9.000000000000000000e+00 3.405525536786288665e+00 1.169175961322818169e-03
-8.000000000000000000e+00 4.799586062814893417e+00 1.131014428120834204e-03
-7.000000000000000000e+00 6.049774405887071715e+00 9.183246274152799798e-04
-6.000000000000000000e+00 7.213540941236411541e+00 8.010305373289386063e-04
-5.000000000000000000e+00 8.282514651331069899e+00 6.848564814876706604e-04
-4.000000000000000000e+00 9.261459964347366736e+00 5.322753277657089107e-04
-3.000000000000000000e+00 1.016796430308986920e+01 4.085906300726500494e-04
-2.000000000000000000e+00 1.100539486028156411e+01 2.866932847378550128e-04
-1.000000000000000000e+00 1.177997200815628176e+01 1.481407736824289694e-04
0.000000000000000000e+00 1.250000349043339831e+01 1.876271107491005780e-06
1.000000000000000000e+00 1.317140961918003761e+01 1.362474634793058633e-04
2.000000000000000000e+00 1.379809900013091273e+01 2.606482136000355969e-04
3.000000000000000000e+00 1.438592149648160756e+01 3.949736641152768379e-04
4.000000000000000000e+00 1.494173673701886784e+01 5.597867032778035571e-04
5.000000000000000000e+00 1.547029088694840837e+01 9.464567241960183995e-04
6.000000000000000000e+00 1.595918755900612496e+01 9.747033893651840244e-04
7.000000000000000000e+00 1.642190987847705586e+01 1.182629624577283701e-03
8.000000000000000000e+00 1.685832608017216927e+01 1.275595031882282432e-03
9.000000000000000000e+00 1.725941479867522332e+01 1.299272213827941218e-03
1.000000000000000000e+01 1.771749140846988624e+01 1.764754171140511590e-03
1.100000000000000000e+01 1.805942397677608113e+01 1.913381860473756940e-03
1.200000000000000000e+01 1.840714900481282257e+01 1.910811339131914931e-03
1.300000000000000000e+01 1.875010047211920750e+01 2.368271371784638583e-03
1.400000000000000000e+01 1.906605437876843823e+01 2.869393502765818157e-03
1.500000000000000000e+01 1.938187391080534638e+01 3.277481827404131378e-03
1.600000000000000000e+01 1.967074023938864613e+01 2.695026400495222161e-03
1.700000000000000000e+01 1.999293017310149523e+01 4.520112370480366612e-03
1.800000000000000000e+01 2.026718619531021659e+01 4.251960354932328261e-03
1.900000000000000000e+01 2.056500213529908905e+01 4.879400119070461707e-03
2.000000000000000000e+01 2.081953378759504147e+01 5.649775490109340374e-03
