-2.000000000000000000e+01 -2.712223283507539051e+01 2.310758210240473898e-03
-1.900000000000000000e+01 -2.333260920596940480e+01 2.413098896308928359e-03
-1.800000000000000000e+01 -1.969567572264685040e+01 2.494113400819756351e-03
-1.700000000000000000e+01 -1.626453940936414710e+01 2.225177281679858749e-03
-1.600000000000000000e+01 -1.293722152594381392e+01 2.406657203807338174e-03
-1.500000000000000000e+01 -9.835808476662300848e+00 2.314688187802621620e-03
-1.400000000000000000e+01 -6.849633246332547998e+00 2.501045261601262705e-03
-1.300000000000000000e+01 -4.121115185852556095e+00 2.222967663038975025e-03
-1.200000000000000000e+01 -1.532421742088320604e+00 2.146177055346185081e-03
-1.100000000000000000e+01 8.908154978231830334e-01 2.166203087119639853e-03
-1.000000000000000000e+01 3.067303914067311954e+00 1.749423310866030134e-03
-9.000000000000000000e+00 5.147424680446798462e+00 1.698402653140637392e-03
-8.000000000000000000e+00 7.059392613299782404e+00 1.573501506351875729e-03
-7.000000000000000000e+00 8.818605241604839051e+00 1.451536826441130823e-03
-6.000000000000000000e+00 1.041898202148968089e+01 1.104345046130472338e-03
-5.000000000000000000e+00 1.192303638191283888e+01 9.488349572356012934e-04
-4.000000000000000000e+00 1.331449253862800397e+01 7.521743553954537195e-04
-3.000000000000000000e+00 1.460915214278223928e+01 5.625351075260096555e-04
-2.000000000000000000e+00 1.581680146086909566e+01 3.967046822241485408e-04
-1.000000000000000000e+00 1.694366244463110860e+01 1.971821154502903972e-04
0.000000000000000000e+00 1.800002183373263165e+01 5.909276167890118077e-06
1.000000000000000000e+00 1.899320788926969428e+01 1.948380298855369099e-04
2.000000000000000000e+00 1.992918054328095323e+01 3.842051639462044704e-04
3.000000000000000000e+00 2.081287659896383246e+01 5.676557533566106272e-04
4.000000000000000000e+00 2.165126109317905900e+01 7.681504796476338898e-04
5.000000000000000000e+00 2.245006798266549097e+01 9.782809421622978233e-04
6.000000000000000000e+00 2.321647164339034575e+01 1.203911897613968180e-03
7.000000000000000000e+00 2.393546757683944293e+01 1.433912573811251846e-03
8.000000000000000000e+00 2.460368417344635716e+01 2.033361123340201790e-03
9.000000000000000000e+00 2.521481352621314542e+01 1.807894617302182455e-03
1.000000000000000000e+01 2.583473235715808514e+01 2.544928723918159046e-03
1.100000000000000000e+01 2.640355298975342180e+01 2.601986310533088535e-03
1.200000000000000000e+01 2.696565812793335226e+01 3.035718913357525212e-03
1.300000000000000000e+01 2.751257992840746525e+01 4.369462260208757491e-03
1.400000000000000000e+01 2.807799567814119968e+01 6.116919900873491432e-03
1.500000000000000000e+01 2.854348587633213796e+01 3.501461912545293653e-03
1.600000000000000000e+01 2.903248862148362974e+01 4.486967271904544578e-03
1.700000000000000000e+01 2.949415803152599835e+01 5.634001932122422243e-03
1.800000000000000000e+01 2.993510700897164512e+01 4.592032730301950222e-03
1.900000000000000000e+01 3.034674016683574038e+01 5.654901998901028237e-03
2.000000000000000000e+01 3.089149371087647111e+01 7.358302642232250612e-03
