

# V0=-7.0, s=0.5 
#   x [ho units]    Meanfield: Umf, UHO, Udir, Uexc [ho units]
   -5.000000E+00     1.249999E+01     1.250000E+01    -1.429749E-05     2.285461E-11
   -4.950000E+00     1.225123E+01     1.225125E+01    -1.954792E-05     1.043390E-10
   -4.900000E+00     1.200497E+01     1.200500E+01    -2.663184E-05     3.665513E-10
   -4.850000E+00     1.176121E+01     1.176125E+01    -3.615444E-05     8.655141E-10
   -4.800000E+00     1.151995E+01     1.152000E+01    -4.890821E-05     1.705032E-09
   -4.750000E+00     1.128118E+01     1.128125E+01    -6.592661E-05     3.055045E-09
   -4.700000E+00     1.104491E+01     1.104500E+01    -8.855177E-05     5.181491E-09
   -4.650000E+00     1.081113E+01     1.081125E+01    -1.185195E-04     8.492100E-09
   -4.600000E+00     1.057984E+01     1.058000E+01    -1.580651E-04     1.360484E-08
   -4.550000E+00     1.035104E+01     1.035125E+01    -2.100553E-04     2.144878E-08
   -4.500000E+00     1.012472E+01     1.012500E+01    -2.781506E-04     3.341142E-08
   -4.450000E+00     9.900883E+00     9.901250E+00    -3.670050E-04     5.155208E-08
   -4.400000E+00     9.679518E+00     9.680000E+00    -4.825097E-04     7.890910E-08
   -4.350000E+00     9.460618E+00     9.461250E+00    -6.320896E-04     1.199389E-07
   -4.300000E+00     9.244175E+00     9.245000E+00    -8.250600E-04     1.811398E-07
   -4.250000E+00     9.030177E+00     9.031250E+00    -1.073056E-03     2.719315E-07
   -4.200000E+00     8.818610E+00     8.820000E+00    -1.390544E-03     4.058890E-07
   -4.150000E+00     8.609455E+00     8.611250E+00    -1.795425E-03     6.024590E-07
   -4.100000E+00     8.402691E+00     8.405000E+00    -2.309748E-03     8.893353E-07
   -4.050000E+00     8.198291E+00     8.201250E+00    -2.960543E-03     1.305720E-06
   -4.000000E+00     7.996221E+00     8.000000E+00    -3.780778E-03     1.906775E-06
   -3.950000E+00     7.796442E+00     7.801250E+00    -4.810474E-03     2.769648E-06
   -3.900000E+00     7.598906E+00     7.605000E+00    -6.097962E-03     4.001581E-06
   -3.850000E+00     7.403554E+00     7.411250E+00    -7.701311E-03     5.750742E-06
   -3.800000E+00     7.210318E+00     7.220000E+00    -9.689921E-03     8.220580E-06
   -3.750000E+00     7.019115E+00     7.031250E+00    -1.214629E-02     1.168872E-05
   -3.700000E+00     6.829849E+00     6.845000E+00    -1.516796E-02     1.653163E-05
   -3.650000E+00     6.642404E+00     6.661250E+00    -1.886958E-02     2.325662E-05
   -3.600000E+00     6.456647E+00     6.480000E+00    -2.338514E-02     3.254297E-05
   -3.550000E+00     6.272425E+00     6.301250E+00    -2.887033E-02     4.529434E-05
   -3.500000E+00     6.089558E+00     6.125000E+00    -3.550489E-02     6.270518E-05
   -3.450000E+00     5.907841E+00     5.951250E+00    -4.349506E-02     8.634389E-05
   -3.400000E+00     5.727042E+00     5.780000E+00    -5.307590E-02     1.182563E-04
   -3.350000E+00     5.546898E+00     5.611250E+00    -6.451351E-02     1.610931E-04
   -3.300000E+00     5.367111E+00     5.445000E+00    -7.810702E-02     2.182651E-04
   -3.250000E+00     5.187354E+00     5.281250E+00    -9.419014E-02     2.941312E-04
   -3.200000E+00     5.007262E+00     5.120000E+00    -1.131324E-01     3.942225E-04
   -3.150000E+00     4.826436E+00     4.961250E+00    -1.353395E-01     5.255073E-04
   -3.100000E+00     4.644443E+00     4.805000E+00    -1.612533E-01     6.967003E-04
   -3.050000E+00     4.460818E+00     4.651250E+00    -1.913503E-01     9.186186E-04
   -3.000000E+00     4.275065E+00     4.500000E+00    -2.261399E-01     1.204585E-03
   -2.950000E+00     4.086660E+00     4.351250E+00    -2.661605E-01     1.570880E-03
   -2.900000E+00     3.895062E+00     4.205000E+00    -3.119747E-01     2.037232E-03
   -2.850000E+00     3.699713E+00     4.061250E+00    -3.641639E-01     2.627342E-03
   -2.800000E+00     3.500050E+00     3.920000E+00    -4.233195E-01     3.369435E-03
   -2.750000E+00     3.295512E+00     3.781250E+00    -4.900348E-01     4.296797E-03
   -2.700000E+00     3.085554E+00     3.645000E+00    -5.648938E-01     5.448291E-03
   -2.650000E+00     2.869659E+00     3.511250E+00    -6.484596E-01     6.868803E-03
   -2.600000E+00     2.647348E+00     3.380000E+00    -7.412613E-01     8.609568E-03
   -2.550000E+00     2.418198E+00     3.251250E+00    -8.437798E-01     1.072831E-02
   -2.500000E+00     2.181855E+00     3.125000E+00    -9.564339E-01     1.328916E-02
   -2.450000E+00     1.938047E+00     3.001250E+00    -1.079565E+00     1.636215E-02
   -2.400000E+00     1.686600E+00     2.880000E+00    -1.213422E+00     2.002242E-02
   -2.350000E+00     1.427448E+00     2.761250E+00    -1.358151E+00     2.434872E-02
   -2.300000E+00     1.160643E+00     2.645000E+00    -1.513778E+00     2.942145E-02
   -2.250000E+00     8.863680E-01     2.531250E+00    -1.680202E+00     3.531985E-02
   -2.200000E+00     6.049332E-01     2.420000E+00    -1.857185E+00     4.211851E-02
   -2.150000E+00     3.167833E-01     2.311250E+00    -2.044350E+00     4.988312E-02
   -2.100000E+00     2.249193E-02     2.205000E+00    -2.241174E+00     5.866544E-02
   -2.050000E+00    -2.772452E-01     2.101250E+00    -2.446993E+00     6.849775E-02
   -2.000000E+00    -5.816217E-01     2.000000E+00    -2.661009E+00     7.938704E-02
   -1.950000E+00    -8.897358E-01     1.901250E+00    -2.882295E+00     9.130919E-02
   -1.900000E+00    -1.200609E+00     1.805000E+00    -3.109812E+00     1.042037E-01
   -1.850000E+00    -1.513205E+00     1.711250E+00    -3.342425E+00     1.179699E-01
   -1.800000E+00    -1.826454E+00     1.620000E+00    -3.578919E+00     1.324644E-01
   -1.750000E+00    -2.139275E+00     1.531250E+00    -3.818026E+00     1.475016E-01
   -1.700000E+00    -2.450591E+00     1.445000E+00    -4.058448E+00     1.628571E-01
   -1.650000E+00    -2.759355E+00     1.361250E+00    -4.298879E+00     1.782746E-01
   -1.600000E+00    -3.064555E+00     1.280000E+00    -4.538032E+00     1.934764E-01
   -1.550000E+00    -3.365233E+00     1.201250E+00    -4.774661E+00     2.081775E-01
   -1.500000E+00    -3.660484E+00     1.125000E+00    -5.007586E+00     2.221021E-01
   -1.450000E+00    -3.949460E+00     1.051250E+00    -5.235712E+00     2.350021E-01
   -1.400000E+00    -4.231367E+00     9.800000E-01    -5.458042E+00     2.466751E-01
   -1.350000E+00    -4.505462E+00     9.112500E-01    -5.673693E+00     2.569811E-01
   -1.300000E+00    -4.771050E+00     8.450000E-01    -5.881906E+00     2.658559E-01
   -1.250000E+00    -5.027478E+00     7.812500E-01    -6.082046E+00     2.733178E-01
   -1.200000E+00    -5.274136E+00     7.200000E-01    -6.273605E+00     2.794691E-01
   -1.150000E+00    -5.510463E+00     6.612500E-01    -6.456201E+00     2.844884E-01
   -1.100000E+00    -5.735951E+00     6.050000E-01    -6.629567E+00     2.886163E-01
   -1.050000E+00    -5.950161E+00     5.512500E-01    -6.793545E+00     2.921336E-01
   -1.000000E+00    -6.152737E+00     5.000000E-01    -6.948071E+00     2.953346E-01
   -9.500000E-01    -6.343420E+00     4.512500E-01    -7.093168E+00     2.984976E-01
   -9.000000E-01    -6.522069E+00     4.050000E-01    -7.228925E+00     3.018557E-01
   -8.500000E-01    -6.688668E+00     3.612500E-01    -7.355490E+00     3.055720E-01
   -8.000000E-01    -6.843332E+00     3.200000E-01    -7.473053E+00     3.097213E-01
   -7.500000E-01    -6.986303E+00     2.812500E-01    -7.581835E+00     3.142819E-01
   -7.000000E-01    -7.117939E+00     2.450000E-01    -7.682077E+00     3.191384E-01
   -6.500000E-01    -7.238686E+00     2.112500E-01    -7.774033E+00     3.240969E-01
   -6.000000E-01    -7.349048E+00     1.800000E-01    -7.857958E+00     3.289101E-01
   -5.500000E-01    -7.449544E+00     1.512500E-01    -7.934104E+00     3.333104E-01
   -5.000000E-01    -7.540670E+00     1.250000E-01    -8.002717E+00     3.370472E-01
   -4.500000E-01    -7.622858E+00     1.012500E-01    -8.064030E+00     3.399224E-01
   -4.000000E-01    -7.696441E+00     8.000000E-02    -8.118262E+00     3.418201E-01
   -3.500000E-01    -7.761637E+00     6.125000E-02    -8.165612E+00     3.427255E-01
   -3.000000E-01    -7.818534E+00     4.500000E-02    -8.206264E+00     3.427298E-01
   -2.500000E-01    -7.867108E+00     3.125000E-02    -8.240378E+00     3.420198E-01
   -2.000000E-01    -7.907240E+00     2.000000E-02    -8.268094E+00     3.408541E-01
   -1.500000E-01    -7.938752E+00     1.125000E-02    -8.289529E+00     3.395274E-01
   -1.000000E-01    -7.961444E+00     5.000000E-03    -8.304773E+00     3.383289E-01
   -5.000000E-02    -7.975141E+00     1.250000E-03    -8.313893E+00     3.375016E-01
    0.000000E+00    -7.979721E+00     0.000000E+00    -8.316928E+00     3.372070E-01
    5.000000E-02    -7.975141E+00     1.250000E-03    -8.313893E+00     3.375016E-01
    1.000000E-01    -7.961444E+00     5.000000E-03    -8.304773E+00     3.383289E-01
    1.500000E-01    -7.938752E+00     1.125000E-02    -8.289529E+00     3.395274E-01
    2.000000E-01    -7.907240E+00     2.000000E-02    -8.268094E+00     3.408541E-01
    2.500000E-01    -7.867108E+00     3.125000E-02    -8.240378E+00     3.420198E-01
    3.000000E-01    -7.818534E+00     4.500000E-02    -8.206264E+00     3.427298E-01
    3.500000E-01    -7.761637E+00     6.125000E-02    -8.165612E+00     3.427255E-01
    4.000000E-01    -7.696441E+00     8.000000E-02    -8.118262E+00     3.418201E-01
    4.500000E-01    -7.622858E+00     1.012500E-01    -8.064030E+00     3.399224E-01
    5.000000E-01    -7.540670E+00     1.250000E-01    -8.002717E+00     3.370472E-01
    5.500000E-01    -7.449544E+00     1.512500E-01    -7.934104E+00     3.333104E-01
    6.000000E-01    -7.349048E+00     1.800000E-01    -7.857958E+00     3.289101E-01
    6.500000E-01    -7.238686E+00     2.112500E-01    -7.774033E+00     3.240969E-01
    7.000000E-01    -7.117939E+00     2.450000E-01    -7.682077E+00     3.191384E-01
    7.500000E-01    -6.986303E+00     2.812500E-01    -7.581835E+00     3.142819E-01
    8.000000E-01    -6.843332E+00     3.200000E-01    -7.473053E+00     3.097213E-01
    8.500000E-01    -6.688668E+00     3.612500E-01    -7.355490E+00     3.055720E-01
    9.000000E-01    -6.522069E+00     4.050000E-01    -7.228925E+00     3.018557E-01
    9.500000E-01    -6.343420E+00     4.512500E-01    -7.093168E+00     2.984976E-01
    1.000000E+00    -6.152737E+00     5.000000E-01    -6.948071E+00     2.953346E-01
    1.050000E+00    -5.950161E+00     5.512500E-01    -6.793545E+00     2.921336E-01
    1.100000E+00    -5.735951E+00     6.050000E-01    -6.629567E+00     2.886163E-01
    1.150000E+00    -5.510463E+00     6.612500E-01    -6.456201E+00     2.844884E-01
    1.200000E+00    -5.274136E+00     7.200000E-01    -6.273605E+00     2.794691E-01
    1.250000E+00    -5.027478E+00     7.812500E-01    -6.082046E+00     2.733178E-01
    1.300000E+00    -4.771050E+00     8.450000E-01    -5.881906E+00     2.658559E-01
    1.350000E+00    -4.505462E+00     9.112500E-01    -5.673693E+00     2.569811E-01
    1.400000E+00    -4.231367E+00     9.800000E-01    -5.458042E+00     2.466751E-01
    1.450000E+00    -3.949460E+00     1.051250E+00    -5.235712E+00     2.350021E-01
    1.500000E+00    -3.660484E+00     1.125000E+00    -5.007586E+00     2.221021E-01
    1.550000E+00    -3.365233E+00     1.201250E+00    -4.774661E+00     2.081775E-01
    1.600000E+00    -3.064555E+00     1.280000E+00    -4.538032E+00     1.934764E-01
    1.650000E+00    -2.759355E+00     1.361250E+00    -4.298879E+00     1.782746E-01
    1.700000E+00    -2.450591E+00     1.445000E+00    -4.058448E+00     1.628571E-01
    1.750000E+00    -2.139275E+00     1.531250E+00    -3.818026E+00     1.475016E-01
    1.800000E+00    -1.826454E+00     1.620000E+00    -3.578919E+00     1.324644E-01
    1.850000E+00    -1.513205E+00     1.711250E+00    -3.342425E+00     1.179699E-01
    1.900000E+00    -1.200609E+00     1.805000E+00    -3.109812E+00     1.042037E-01
    1.950000E+00    -8.897358E-01     1.901250E+00    -2.882295E+00     9.130919E-02
    2.000000E+00    -5.816217E-01     2.000000E+00    -2.661009E+00     7.938704E-02
    2.050000E+00    -2.772452E-01     2.101250E+00    -2.446993E+00     6.849775E-02
    2.100000E+00     2.249193E-02     2.205000E+00    -2.241174E+00     5.866544E-02
    2.150000E+00     3.167833E-01     2.311250E+00    -2.044350E+00     4.988312E-02
    2.200000E+00     6.049332E-01     2.420000E+00    -1.857185E+00     4.211851E-02
    2.250000E+00     8.863680E-01     2.531250E+00    -1.680202E+00     3.531985E-02
    2.300000E+00     1.160643E+00     2.645000E+00    -1.513778E+00     2.942145E-02
    2.350000E+00     1.427448E+00     2.761250E+00    -1.358151E+00     2.434872E-02
    2.400000E+00     1.686600E+00     2.880000E+00    -1.213422E+00     2.002242E-02
    2.450000E+00     1.938047E+00     3.001250E+00    -1.079565E+00     1.636215E-02
    2.500000E+00     2.181855E+00     3.125000E+00    -9.564339E-01     1.328916E-02
    2.550000E+00     2.418198E+00     3.251250E+00    -8.437798E-01     1.072831E-02
    2.600000E+00     2.647348E+00     3.380000E+00    -7.412613E-01     8.609568E-03
    2.650000E+00     2.869659E+00     3.511250E+00    -6.484596E-01     6.868803E-03
    2.700000E+00     3.085554E+00     3.645000E+00    -5.648938E-01     5.448291E-03
    2.750000E+00     3.295512E+00     3.781250E+00    -4.900348E-01     4.296797E-03
    2.800000E+00     3.500050E+00     3.920000E+00    -4.233195E-01     3.369435E-03
    2.850000E+00     3.699713E+00     4.061250E+00    -3.641639E-01     2.627342E-03
    2.900000E+00     3.895062E+00     4.205000E+00    -3.119747E-01     2.037232E-03
    2.950000E+00     4.086660E+00     4.351250E+00    -2.661605E-01     1.570880E-03
    3.000000E+00     4.275065E+00     4.500000E+00    -2.261399E-01     1.204585E-03
    3.050000E+00     4.460818E+00     4.651250E+00    -1.913503E-01     9.186186E-04
    3.100000E+00     4.644443E+00     4.805000E+00    -1.612533E-01     6.967003E-04
    3.150000E+00     4.826436E+00     4.961250E+00    -1.353395E-01     5.255073E-04
    3.200000E+00     5.007262E+00     5.120000E+00    -1.131324E-01     3.942225E-04
    3.250000E+00     5.187354E+00     5.281250E+00    -9.419014E-02     2.941312E-04
    3.300000E+00     5.367111E+00     5.445000E+00    -7.810702E-02     2.182651E-04
    3.350000E+00     5.546898E+00     5.611250E+00    -6.451351E-02     1.610931E-04
    3.400000E+00     5.727042E+00     5.780000E+00    -5.307590E-02     1.182563E-04
    3.450000E+00     5.907841E+00     5.951250E+00    -4.349506E-02     8.634389E-05
    3.500000E+00     6.089558E+00     6.125000E+00    -3.550489E-02     6.270518E-05
    3.550000E+00     6.272425E+00     6.301250E+00    -2.887033E-02     4.529434E-05
    3.600000E+00     6.456647E+00     6.480000E+00    -2.338514E-02     3.254297E-05
    3.650000E+00     6.642404E+00     6.661250E+00    -1.886958E-02     2.325662E-05
    3.700000E+00     6.829849E+00     6.845000E+00    -1.516796E-02     1.653163E-05
    3.750000E+00     7.019115E+00     7.031250E+00    -1.214629E-02     1.168872E-05
    3.800000E+00     7.210318E+00     7.220000E+00    -9.689921E-03     8.220580E-06
    3.850000E+00     7.403554E+00     7.411250E+00    -7.701311E-03     5.750742E-06
    3.900000E+00     7.598906E+00     7.605000E+00    -6.097962E-03     4.001581E-06
    3.950000E+00     7.796442E+00     7.801250E+00    -4.810474E-03     2.769648E-06
    4.000000E+00     7.996221E+00     8.000000E+00    -3.780778E-03     1.906775E-06
    4.050000E+00     8.198291E+00     8.201250E+00    -2.960543E-03     1.305720E-06
    4.100000E+00     8.402691E+00     8.405000E+00    -2.309748E-03     8.893353E-07
    4.150000E+00     8.609455E+00     8.611250E+00    -1.795425E-03     6.024590E-07
    4.200000E+00     8.818610E+00     8.820000E+00    -1.390544E-03     4.058890E-07
    4.250000E+00     9.030177E+00     9.031250E+00    -1.073056E-03     2.719315E-07
    4.300000E+00     9.244175E+00     9.245000E+00    -8.250600E-04     1.811398E-07
    4.350000E+00     9.460618E+00     9.461250E+00    -6.320896E-04     1.199389E-07
    4.400000E+00     9.679518E+00     9.680000E+00    -4.825097E-04     7.890910E-08
    4.450000E+00     9.900883E+00     9.901250E+00    -3.670050E-04     5.155208E-08
    4.500000E+00     1.012472E+01     1.012500E+01    -2.781506E-04     3.341142E-08
    4.550000E+00     1.035104E+01     1.035125E+01    -2.100553E-04     2.144878E-08
    4.600000E+00     1.057984E+01     1.058000E+01    -1.580651E-04     1.360484E-08
    4.650000E+00     1.081113E+01     1.081125E+01    -1.185194E-04     8.492100E-09
    4.700000E+00     1.104491E+01     1.104500E+01    -8.855175E-05     5.181491E-09
    4.750000E+00     1.128118E+01     1.128125E+01    -6.592659E-05     3.055045E-09
    4.800000E+00     1.151995E+01     1.152000E+01    -4.890819E-05     1.705032E-09
    4.850000E+00     1.176121E+01     1.176125E+01    -3.615442E-05     8.655141E-10
    4.900000E+00     1.200497E+01     1.200500E+01    -2.663182E-05     3.665513E-10
    4.950000E+00     1.225123E+01     1.225125E+01    -1.954790E-05     1.043390E-10
